{
  "buildings": [
    "Axisviana",
    "Biblioteka Uniwersytet Wroc\u0142awski",
    "Ilmet"
  ],
  "num_buildings": 3,
  "samples_per_building": 1000,
  "image_size": [
    1024,
    1024
  ],
  "train_split": 0.8,
  "model_bounds": {
    "Axisviana": {
      "center": [
        5.261167049407959,
        1.398053526878357,
        1.33800208568573
      ],
      "size": 9.999999749660489,
      "radius": 4.722753047943115
    },
    "Biblioteka Uniwersytet Wroc\u0142awski": {
      "center": [
        0.33969151973724365,
        0.573944091796875,
        1.0051082372665405
      ],
      "size": 10.000000023841858,
      "radius": 3.5609540939331055
    },
    "Ilmet": {
      "center": [
        -0.6561082601547241,
        0.30194294452667236,
        3.366485834121704
      ],
      "size": 10.000001049041693,
      "radius": 3.3669402599334717
    }
  },
  "annotations": [
    {
      "image_id": 0,
      "image_filename": "Axisviana_000000.jpg",
      "building_id": 0,
      "building_name": "Axisviana",
      "rotation_quaternion": [
        0.1280161589384079,
        0.13963134586811066,
        -0.7168459892272949,
        -0.6710042953491211
      ],
      "translation": [
        1.9957882165908813,
        11.625657081604004,
        0.4362063407897949
      ],
      "rotation_matrix": [
        [
          -0.9282299280166626,
          -0.028389543294906616,
          -0.3709222078323364
        ],
        [
          -0.37198713421821594,
          0.06051258370280266,
          0.9262633323669434
        ],
        [
          -0.0038507324643433094,
          0.9977636337280273,
          -0.06673013418912888
        ]
      ],
      "camera_intrinsics": [
        [
          796.4444444444445,
          0,
          512.0
        ],
        [
          0,
          796.4444444444445,
          512.0
        ],
        [
          0,
          0,
          1
        ]
      ],
      "focal_length_mm": 28,
      "split": "train",
      "is_flat_color": true,
      "camera_config": "Standard_Close",
      "framing_strategy": "CENTERED"
    },
    {
      "image_id": 1,
      "image_filename": "Axisviana_000001.jpg",
      "building_id": 0,
      "building_name": "Axisviana",
      "rotation_quaternion": [
        0.37836724519729614,
        0.3753567039966583,
        0.6087164878845215,
        0.5877158045768738
      ],
      "translation": [
        17.975343704223633,
        7.193467140197754,
        1.3112857341766357
      ],
      "rotation_matrix": [
        [
          -0.43189123272895813,
          0.012226762250065804,
          0.9018428325653076
        ],
        [
          0.9017163515090942,
          0.027395078912377357,
          0.4314592778682709
        ],
        [
          -0.019430704414844513,
          0.999549925327301,
          -0.02285676635801792
        ]
      ],
      "camera_intrinsics": [
        [
          796.4444444444445,
          0,
          512.0
        ],
        [
          0,
          796.4444444444445,
          512.0
        ],
        [
          0,
          0,
          1
        ]
      ],
      "focal_length_mm": 28,
      "split": "train",
      "is_flat_color": false,
      "camera_config": "Normal",
      "framing_strategy": "CENTERED"
    },
    {
      "image_id": 2,
      "image_filename": "Axisviana_000002.jpg",
      "building_id": 0,
      "building_name": "Axisviana",
      "rotation_quaternion": [
        0.21754269301891327,
        0.1880628913640976,
        -0.6382962465286255,
        -0.7140626311302185
      ],
      "translation": [
        -1.5323491096496582,
        13.319958686828613,
        3.0416646003723145
      ],
      "rotation_matrix": [
        [
          -0.8346150517463684,
          0.07059849053621292,
          -0.5462907552719116
        ],
        [
          -0.550757884979248,
          -0.09050601720809937,
          0.8297435641288757
        ],
        [
          0.009136039763689041,
          0.9933904409408569,
          0.11442035436630249
        ]
      ],
      "camera_intrinsics": [
        [
          796.4444444444445,
          0,
          512.0
        ],
        [
          0,
          796.4444444444445,
          512.0
        ],
        [
          0,
          0,
          1
        ]
      ],
      "focal_length_mm": 28,
      "split": "train",
      "is_flat_color": true,
      "camera_config": "Normal",
      "framing_strategy": "CENTERED"
    },
    {
      "image_id": 3,
      "image_filename": "Axisviana_000003.jpg",
      "building_id": 0,
      "building_name": "Axisviana",
      "rotation_quaternion": [
        0.09878750890493393,
        0.1068713441491127,
        0.7216500043869019,
        0.676787257194519
      ],
      "translation": [
        9.443995475769043,
        14.946175575256348,
        0.23980149626731873
      ],
      "rotation_matrix": [
        [
          -0.9576390981674194,
          0.020531203597784042,
          0.2872382700443268
        ],
        [
          0.2879635989665985,
          0.06107541173696518,
          0.9556917548179626
        ],
        [
          0.0020783052314072847,
          0.9979219436645508,
          -0.06440044194459915
        ]
      ],
      "camera_intrinsics": [
        [
          796.4444444444445,
          0,
          512.0
        ],
        [
          0,
          796.4444444444445,
          512.0
        ],
        [
          0,
          0,
          1
        ]
      ],
      "focal_length_mm": 28,
      "split": "train",
      "is_flat_color": false,
      "camera_config": "Normal",
      "framing_strategy": "CENTERED"
    },
    {
      "image_id": 4,
      "image_filename": "Axisviana_000004.jpg",
      "building_id": 0,
      "building_name": "Axisviana",
      "rotation_quaternion": [
        0.03834868595004082,
        0.03443499654531479,
        -0.6516711711883545,
        -0.7567484974861145
      ],
      "translation": [
        4.021800994873047,
        10.84213924407959,
        2.373616933822632
      ],
      "rotation_matrix": [
        [
          -0.9946871995925903,
          0.01316002570092678,
          -0.1020987331867218
        ],
        [
          -0.10292121767997742,
          -0.14770807325839996,
          0.9836612939834595
        ],
        [
          -0.002135799964889884,
          0.9889434576034546,
          0.14827777445316315
        ]
      ],
      "camera_intrinsics": [
        [
          682.6666666666666,
          0,
          512.0
        ],
        [
          0,
          682.6666666666666,
          512.0
        ],
        [
          0,
          0,
          1
        ]
      ],
      "focal_length_mm": 24,
      "split": "train",
      "is_flat_color": false,
      "camera_config": "Wide",
      "framing_strategy": "CENTERED"
    },
    {
      "image_id": 5,
      "image_filename": "Axisviana_000005.jpg",
      "building_id": 0,
      "building_name": "Axisviana",
      "rotation_quaternion": [
        0.1905777007341385,
        0.24525359272956848,
        0.7666796445846558,
        0.5619013905525208
      ],
      "translation": [
        8.750757217407227,
        12.307350158691406,
        1.394918441772461
      ],
      "rotation_matrix": [
        [
          -0.8070616126060486,
          0.16189010441303253,
          0.5678408145904541
        ],
        [
          0.5902336835861206,
          0.24823497235774994,
          0.7681169509887695
        ],
        [
          -0.016607416793704033,
          0.9550764560699463,
          -0.29589390754699707
        ]
      ],
      "camera_intrinsics": [
        [
          682.6666666666666,
          0,
          512.0
        ],
        [
          0,
          682.6666666666666,
          512.0
        ],
        [
          0,
          0,
          1
        ]
      ],
      "focal_length_mm": 24,
      "split": "train",
      "is_flat_color": false,
      "camera_config": "Wide",
      "framing_strategy": "BOTTOM_LEFT"
    },
    {
      "image_id": 6,
      "image_filename": "Axisviana_000006.jpg",
      "building_id": 0,
      "building_name": "Axisviana",
      "rotation_quaternion": [
        0.058954961597919464,
        0.06016502156853676,
        -0.706937849521637,
        -0.7022417187690735
      ],
      "translation": [
        3.7136623859405518,
        11.792781829833984,
        1.2714765071868896
      ],
      "rotation_matrix": [
        [
          -0.9858089685440063,
          -0.002264600247144699,
          -0.16785575449466705
        ],
        [
          -0.16786712408065796,
          0.0064736115746200085,
          0.9857884049415588
        ],
        [
          -0.0011457836953923106,
          0.9999764561653137,
          -0.006761896423995495
        ]
      ],
      "camera_intrinsics": [
        [
          682.6666666666666,
          0,
          512.0
        ],
        [
          0,
          682.6666666666666,
          512.0
        ],
        [
          0,
          0,
          1
        ]
      ],
      "focal_length_mm": 24,
      "split": "train",
      "is_flat_color": false,
      "camera_config": "Wide",
      "framing_strategy": "CENTERED"
    },
    {
      "image_id": 7,
      "image_filename": "Axisviana_000007.jpg",
      "building_id": 0,
      "building_name": "Axisviana",
      "rotation_quaternion": [
        0.10657361894845963,
        0.09826875478029251,
        -0.63799649477005,
        -0.7562709450721741
      ],
      "translation": [
        2.279900312423706,
        11.52459716796875,
        2.5382919311523438
      ],
      "rotation_matrix": [
        [
          -0.9579706192016602,
          0.035806797444820404,
          -0.28462281823158264
        ],
        [
          -0.28658729791641235,
          -0.16320492327213287,
          0.9440507888793945
        ],
        [
          -0.01264841016381979,
          0.9859421849250793,
          0.1666073054075241
        ]
      ],
      "camera_intrinsics": [
        [
          796.4444444444445,
          0,
          512.0
        ],
        [
          0,
          796.4444444444445,
          512.0
        ],
        [
          0,
          0,
          1
        ]
      ],
      "focal_length_mm": 28,
      "split": "train",
      "is_flat_color": false,
      "camera_config": "Standard_Close",
      "framing_strategy": "CENTERED"
    },
    {
      "image_id": 8,
      "image_filename": "Axisviana_000008.jpg",
      "building_id": 0,
      "building_name": "Axisviana",
      "rotation_quaternion": [
        0.2076418399810791,
        0.18800073862075806,
        -0.631067156791687,
        -0.7233912348747253
      ],
      "translation": [
        -0.1438233107328415,
        10.354886054992676,
        2.6838815212249756
      ],
      "rotation_matrix": [
        [
          -0.8430811762809753,
          0.06313034892082214,
          -0.5340680480003357
        ],
        [
          -0.5376947522163391,
          -0.11727820336818695,
          0.8349432349205017
        ],
        [
          -0.009924288839101791,
          0.9910904765129089,
          0.13281990587711334
        ]
      ],
      "camera_intrinsics": [
        [
          796.4444444444445,
          0,
          512.0
        ],
        [
          0,
          796.4444444444445,
          512.0
        ],
        [
          0,
          0,
          1
        ]
      ],
      "focal_length_mm": 28,
      "split": "train",
      "is_flat_color": true,
      "camera_config": "Standard_Close",
      "framing_strategy": "CENTERED"
    },
    {
      "image_id": 9,
      "image_filename": "Axisviana_000009.jpg",
      "building_id": 0,
      "building_name": "Axisviana",
      "rotation_quaternion": [
        0.18128234148025513,
        0.1956356316804886,
        -0.7202592492103577,
        -0.6403827667236328
      ],
      "translation": [
        -1.9440051317214966,
        13.66596508026123,
        0.190123051404953
      ],
      "rotation_matrix": [
        [
          -0.8577268123626709,
          -0.0496365912258625,
          -0.5117039084434509
        ],
        [
          -0.5139968991279602,
          0.10327336937189102,
          0.8515526056289673
        ],
        [
          0.010577223263680935,
          0.9934137463569641,
          -0.11409339308738708
        ]
      ],
      "camera_intrinsics": [
        [
          796.4444444444445,
          0,
          512.0
        ],
        [
          0,
          796.4444444444445,
          512.0
        ],
        [
          0,
          0,
          1
        ]
      ],
      "focal_length_mm": 28,
      "split": "train",
      "is_flat_color": false,
      "camera_config": "Normal",
      "framing_strategy": "CENTERED"
    },
    {
      "image_id": 10,
      "image_filename": "Axisviana_000010.jpg",
      "building_id": 0,
      "building_name": "Axisviana",
      "rotation_quaternion": [
        0.05100984126329422,
        0.05334237590432167,
        0.6880380511283875,
        0.7219115495681763
      ],
      "translation": [
        6.96137809753418,
        12.164176940917969,
        1.2914326190948486
      ],
      "rotation_matrix": [
        [
          -0.9891051650047302,
          -0.00024601121549494565,
          0.14721037447452545
        ],
        [
          0.1470523476600647,
          -0.04800330102443695,
          0.9879631996154785
        ],
        [
          0.006823533680289984,
          0.9988471269607544,
          0.047516487538814545
        ]
      ],
      "camera_intrinsics": [
        [
          796.4444444444445,
          0,
          512.0
        ],
        [
          0,
          796.4444444444445,
          512.0
        ],
        [
          0,
          0,
          1
        ]
      ],
      "focal_length_mm": 28,
      "split": "train",
      "is_flat_color": true,
      "camera_config": "Standard_Close",
      "framing_strategy": "CENTERED"
    },
    {
      "image_id": 11,
      "image_filename": "Axisviana_000011.jpg",
      "building_id": 0,
      "building_name": "Axisviana",
      "rotation_quaternion": [
        0.20055082440376282,
        0.17027759552001953,
        -0.6449534296989441,
        -0.7175095677375793
      ],
      "translation": [
        0.3180032968521118,
        10.003926277160645,
        2.6343753337860107
      ],
      "rotation_matrix": [
        [
          -0.8615698218345642,
          0.06815199553966522,
          -0.5030434727668762
        ],
        [
          -0.5074364542961121,
          -0.08762884140014648,
          0.8572219014167786
        ],
        [
          0.01434027124196291,
          0.9938191175460815,
          0.11008118093013763
        ]
      ],
      "camera_intrinsics": [
        [
          682.6666666666666,
          0,
          512.0
        ],
        [
          0,
          682.6666666666666,
          512.0
        ],
        [
          0,
          0,
          1
        ]
      ],
      "focal_length_mm": 24,
      "split": "train",
      "is_flat_color": true,
      "camera_config": "Wide",
      "framing_strategy": "CENTERED"
    },
    {
      "image_id": 12,
      "image_filename": "Axisviana_000012.jpg",
      "building_id": 0,
      "building_name": "Axisviana",
      "rotation_quaternion": [
        0.03063294291496277,
        0.029670914635062218,
        0.7060797214508057,
        0.7068470120429993
      ],
      "translation": [
        6.031431198120117,
        7.191154479980469,
        1.2240815162658691
      ],
      "rotation_matrix": [
        [
          -0.9963625073432922,
          -0.0014055505162104964,
          0.08520419150590897
        ],
        [
          0.08520566672086716,
          -0.0010261903516948223,
          0.9963628649711609
        ],
        [
          -0.0013130026636645198,
          0.9999985098838806,
          0.0011422184761613607
        ]
      ],
      "camera_intrinsics": [
        [
          682.6666666666666,
          0,
          512.0
        ],
        [
          0,
          682.6666666666666,
          512.0
        ],
        [
          0,
          0,
          1
        ]
      ],
      "focal_length_mm": 24,
      "split": "train",
      "is_flat_color": true,
      "camera_config": "Wide",
      "framing_strategy": "MACRO_FILL"
    },
    {
      "image_id": 13,
      "image_filename": "Axisviana_000013.jpg",
      "building_id": 0,
      "building_name": "Axisviana",
      "rotation_quaternion": [
        0.18541178107261658,
        0.1797245293855667,
        0.6822488307952881,
        0.6840015649795532
      ],
      "translation": [
        10.109362602233887,
        10.016695022583008,
        1.403712272644043
      ],
      "rotation_matrix": [
        [
          -0.8666431307792664,
          -0.008410218171775341,
          0.49885761737823486
        ],
        [
          0.49887755513191223,
          -0.0003179852501489222,
          0.8666723966598511
        ],
        [
          -0.007130275014787912,
          0.9999645948410034,
          0.00447124894708395
        ]
      ],
      "camera_intrinsics": [
        [
          682.6666666666666,
          0,
          512.0
        ],
        [
          0,
          682.6666666666666,
          512.0
        ],
        [
          0,
          0,
          1
        ]
      ],
      "focal_length_mm": 24,
      "split": "train",
      "is_flat_color": false,
      "camera_config": "Wide",
      "framing_strategy": "CENTERED"
    },
    {
      "image_id": 14,
      "image_filename": "Axisviana_000014.jpg",
      "building_id": 0,
      "building_name": "Axisviana",
      "rotation_quaternion": [
        0.15055929124355316,
        0.1086001768708229,
        0.5856665968894958,
        0.7890073657035828
      ],
      "translation": [
        7.288694858551025,
        15.913702964782715,
        3.11012601852417
      ],
      "rotation_matrix": [
        [
          -0.9310758113861084,
          -0.11037780344486237,
          0.3477277159690857
        ],
        [
          0.36479172110557556,
          -0.2686533033847809,
          0.8914888501167297
        ],
        [
          -0.004982387647032738,
          0.9568918943405151,
          0.29040148854255676
        ]
      ],
      "camera_intrinsics": [
        [
          796.4444444444445,
          0,
          512.0
        ],
        [
          0,
          796.4444444444445,
          512.0
        ],
        [
          0,
          0,
          1
        ]
      ],
      "focal_length_mm": 28,
      "split": "train",
      "is_flat_color": false,
      "camera_config": "Normal",
      "framing_strategy": "TOP_LEFT"
    },
    {
      "image_id": 15,
      "image_filename": "Axisviana_000015.jpg",
      "building_id": 0,
      "building_name": "Axisviana",
      "rotation_quaternion": [
        0.12031695246696472,
        0.09161376953125,
        -0.5954362750053406,
        -0.7890414595603943
      ],
      "translation": [
        1.7316980361938477,
        24.94495391845703,
        4.173061370849609
      ],
      "rotation_matrix": [
        [
          -0.9542614817619324,
          0.08076978474855423,
          -0.28785625100135803
        ],
        [
          -0.29897043108940125,
          -0.2619589865207672,
          0.9176024198532104
        ],
        [
          -0.0012919838773086667,
          0.9616931676864624,
          0.2741251289844513
        ]
      ],
      "camera_intrinsics": [
        [
          1479.111111111111,
          0,
          512.0
        ],
        [
          0,
          1479.111111111111,
          512.0
        ],
        [
          0,
          0,
          1
        ]
      ],
      "focal_length_mm": 52,
      "split": "train",
      "is_flat_color": true,
      "camera_config": "Telephoto",
      "framing_strategy": "TOP_RIGHT"
    },
    {
      "image_id": 16,
      "image_filename": "Axisviana_000016.jpg",
      "building_id": 0,
      "building_name": "Axisviana",
      "rotation_quaternion": [
        0.0019425058271735907,
        0.002307503717020154,
        -0.6985248327255249,
        -0.7155794501304626
      ],
      "translation": [
        5.0985894203186035,
        15.150818824768066,
        1.2467223405838013
      ],
      "rotation_matrix": [
        [
          -0.9999818205833435,
          -0.00044366283691488206,
          -0.006016181781888008
        ],
        [
          -0.006003732327371836,
          -0.024118544533848763,
          0.9996910691261292
        ],
        [
          -0.0005886272992938757,
          0.9997090101242065,
          0.024115441367030144
        ]
      ],
      "camera_intrinsics": [
        [
          796.4444444444445,
          0,
          512.0
        ],
        [
          0,
          796.4444444444445,
          512.0
        ],
        [
          0,
          0,
          1
        ]
      ],
      "focal_length_mm": 28,
      "split": "train",
      "is_flat_color": false,
      "camera_config": "Normal",
      "framing_strategy": "CENTERED"
    },
    {
      "image_id": 17,
      "image_filename": "Axisviana_000017.jpg",
      "building_id": 0,
      "building_name": "Axisviana",
      "rotation_quaternion": [
        0.11756154149770737,
        0.10062021017074585,
        0.6603196859359741,
        0.7348692417144775
      ],
      "translation": [
        9.517133712768555,
        14.55403995513916,
        2.994866132736206
      ],
      "rotation_matrix": [
        [
          -0.952109694480896,
          -0.03990170732140541,
          0.3031417727470398
        ],
        [
          0.3056677281856537,
          -0.10031455010175705,
          0.9468390941619873
        ],
        [
          -0.007370964158326387,
          0.9941553473472595,
          0.10770712792873383
        ]
      ],
      "camera_intrinsics": [
        [
          796.4444444444445,
          0,
          512.0
        ],
        [
          0,
          796.4444444444445,
          512.0
        ],
        [
          0,
          0,
          1
        ]
      ],
      "focal_length_mm": 28,
      "split": "train",
      "is_flat_color": false,
      "camera_config": "Normal",
      "framing_strategy": "CENTERED"
    },
    {
      "image_id": 18,
      "image_filename": "Axisviana_000018.jpg",
      "building_id": 0,
      "building_name": "Axisviana",
      "rotation_quaternion": [
        0.11481630802154541,
        0.09201723337173462,
        0.5983796715736389,
        0.7875860929489136
      ],
      "translation": [
        9.465458869934082,
        14.493517875671387,
        4.790381908416748
      ],
      "rotation_matrix": [
        [
          -0.9567000865936279,
          -0.0707329660654068,
          0.28235048055648804
        ],
        [
          0.29097792506217957,
          -0.2575179636478424,
          0.9214208126068115
        ],
        [
          0.0075354925356805325,
          0.963681161403656,
          0.26694920659065247
        ]
      ],
      "camera_intrinsics": [
        [
          796.4444444444445,
          0,
          512.0
        ],
        [
          0,
          796.4444444444445,
          512.0
        ],
        [
          0,
          0,
          1
        ]
      ],
      "focal_length_mm": 28,
      "split": "train",
      "is_flat_color": true,
      "camera_config": "Normal",
      "framing_strategy": "CENTERED"
    },
    {
      "image_id": 19,
      "image_filename": "Axisviana_000019.jpg",
      "building_id": 0,
      "building_name": "Axisviana",
      "rotation_quaternion": [
        8.103784057311714e-05,
        -0.00017482573457527906,
        0.6431359648704529,
        0.7657520174980164
      ],
      "translation": [
        5.338372230529785,
        10.938826560974121,
        2.5008115768432617
      ],
      "rotation_matrix": [
        [
          -0.9999999403953552,
          -0.0003489831869956106,
          -0.0001635095977690071
        ],
        [
          -0.00010076363105326891,
          -0.17275232076644897,
          0.9849652647972107
        ],
        [
          -0.00037198298377916217,
          0.9849652647972107,
          0.1727522611618042
        ]
      ],
      "camera_intrinsics": [
        [
          682.6666666666666,
          0,
          512.0
        ],
        [
          0,
          682.6666666666666,
          512.0
        ],
        [
          0,
          0,
          1
        ]
      ],
      "focal_length_mm": 24,
      "split": "train",
      "is_flat_color": false,
      "camera_config": "Wide",
      "framing_strategy": "CENTERED"
    },
    {
      "image_id": 20,
      "image_filename": "Axisviana_000020.jpg",
      "building_id": 0,
      "building_name": "Axisviana",
      "rotation_quaternion": [
        0.03282465413212776,
        0.03387053310871124,
        -0.6983928680419922,
        -0.714158833026886
      ],
      "translation": [
        3.6197924613952637,
        12.22900104522705,
        1.2321614027023315
      ],
      "rotation_matrix": [
        [
          -0.9955506324768066,
          -0.00042584617040120065,
          -0.09422686696052551
        ],
        [
          -0.09419389069080353,
          -0.022340184077620506,
          0.995303213596344
        ],
        [
          -0.002528891433030367,
          0.9997503161430359,
          0.022200671955943108
        ]
      ],
      "camera_intrinsics": [
        [
          796.4444444444445,
          0,
          512.0
        ],
        [
          0,
          796.4444444444445,
          512.0
        ],
        [
          0,
          0,
          1
        ]
      ],
      "focal_length_mm": 28,
      "split": "train",
      "is_flat_color": true,
      "camera_config": "Standard_Close",
      "framing_strategy": "CENTERED"
    },
    {
      "image_id": 21,
      "image_filename": "Axisviana_000021.jpg",
      "building_id": 0,
      "building_name": "Axisviana",
      "rotation_quaternion": [
        0.1876644641160965,
        0.1912377029657364,
        0.6672981381416321,
        0.694926917552948
      ],
      "translation": [
        11.08683967590332,
        11.338367462158203,
        1.4134624004364014
      ],
      "rotation_matrix": [
        [
          -0.8564203977584839,
          -0.005601020529866219,
          0.5162487030029297
        ],
        [
          0.5160512924194336,
          -0.03899062052369118,
          0.8556697964668274
        ],
        [
          0.015336234122514725,
          0.9992238879203796,
          0.03628277778625488
        ]
      ],
      "camera_intrinsics": [
        [
          796.4444444444445,
          0,
          512.0
        ],
        [
          0,
          796.4444444444445,
          512.0
        ],
        [
          0,
          0,
          1
        ]
      ],
      "focal_length_mm": 28,
      "split": "train",
      "is_flat_color": false,
      "camera_config": "Standard_Close",
      "framing_strategy": "CENTERED"
    },
    {
      "image_id": 22,
      "image_filename": "Axisviana_000022.jpg",
      "building_id": 0,
      "building_name": "Axisviana",
      "rotation_quaternion": [
        0.17868652939796448,
        0.15338394045829773,
        -0.6622941493988037,
        -0.7112742066383362
      ],
      "translation": [
        -0.2541925609111786,
        10.656952857971191,
        2.723806619644165
      ],
      "rotation_matrix": [
        [
          -0.8890889883041382,
          0.05101964622735977,
          -0.4548821449279785
        ],
        [
          -0.45736080408096313,
          -0.05887520685791969,
          0.887330174446106
        ],
        [
          0.018489990383386612,
          0.9969607591629028,
          0.07567968219518661
        ]
      ],
      "camera_intrinsics": [
        [
          796.4444444444445,
          0,
          512.0
        ],
        [
          0,
          796.4444444444445,
          512.0
        ],
        [
          0,
          0,
          1
        ]
      ],
      "focal_length_mm": 28,
      "split": "train",
      "is_flat_color": true,
      "camera_config": "Standard_Close",
      "framing_strategy": "CENTERED"
    },
    {
      "image_id": 23,
      "image_filename": "Axisviana_000023.jpg",
      "building_id": 0,
      "building_name": "Axisviana",
      "rotation_quaternion": [
        0.09754379838705063,
        0.09722820669412613,
        -0.6920260190963745,
        -0.7086126208305359
      ],
      "translation": [
        1.080804467201233,
        14.9963960647583,
        1.384052038192749
      ],
      "rotation_matrix": [
        [
          -0.9620637893676758,
          0.0036726335529237986,
          -0.2727999687194824
        ],
        [
          -0.2728104293346405,
          -0.023170342668890953,
          0.9617887735366821
        ],
        [
          -0.002788571175187826,
          0.999724805355072,
          0.023293280974030495
        ]
      ],
      "camera_intrinsics": [
        [
          796.4444444444445,
          0,
          512.0
        ],
        [
          0,
          796.4444444444445,
          512.0
        ],
        [
          0,
          0,
          1
        ]
      ],
      "focal_length_mm": 28,
      "split": "train",
      "is_flat_color": false,
      "camera_config": "Normal",
      "framing_strategy": "CENTERED"
    },
    {
      "image_id": 24,
      "image_filename": "Axisviana_000024.jpg",
      "building_id": 0,
      "building_name": "Axisviana",
      "rotation_quaternion": [
        0.03169610723853111,
        0.02442106232047081,
        0.6413489580154419,
        0.7662052512168884
      ],
      "translation": [
        2.9130806922912598,
        16.52921485900879,
        1.338599681854248
      ],
      "rotation_matrix": [
        [
          -0.9967979192733765,
          -0.017246592789888382,
          0.07807961851358414
        ],
        [
          0.07989628612995148,
          -0.17533373832702637,
          0.9812617897987366
        ],
        [
          -0.003233430441468954,
          0.9843579530715942,
          0.17615024745464325
        ]
      ],
      "camera_intrinsics": [
        [
          796.4444444444445,
          0,
          512.0
        ],
        [
          0,
          796.4444444444445,
          512.0
        ],
        [
          0,
          0,
          1
        ]
      ],
      "focal_length_mm": 28,
      "split": "train",
      "is_flat_color": false,
      "camera_config": "Normal",
      "framing_strategy": "TOP_LEFT"
    },
    {
      "image_id": 25,
      "image_filename": "Axisviana_000025.jpg",
      "building_id": 0,
      "building_name": "Axisviana",
      "rotation_quaternion": [
        0.0049556647427380085,
        0.0047294022515416145,
        -0.6948421001434326,
        -0.719129741191864
      ],
      "translation": [
        1.1139013767242432,
        15.028216361999512,
        1.381060242652893
      ],
      "rotation_matrix": [
        [
          -0.9999061226844788,
          0.000555154460016638,
          -0.013688914477825165
        ],
        [
          -0.013699905946850777,
          -0.03433980792760849,
          0.9993163347244263
        ],
        [
          8.470016473438591e-05,
          0.9994100332260132,
          0.03434419259428978
        ]
      ],
      "camera_intrinsics": [
        [
          796.4444444444445,
          0,
          512.0
        ],
        [
          0,
          796.4444444444445,
          512.0
        ],
        [
          0,
          0,
          1
        ]
      ],
      "focal_length_mm": 28,
      "split": "train",
      "is_flat_color": false,
      "camera_config": "Normal",
      "framing_strategy": "SHIFT_LEFT"
    },
    {
      "image_id": 26,
      "image_filename": "Axisviana_000026.jpg",
      "building_id": 0,
      "building_name": "Axisviana",
      "rotation_quaternion": [
        0.015545828267931938,
        0.01737833023071289,
        -0.7233821749687195,
        -0.6900539994239807
      ],
      "translation": [
        5.407773971557617,
        9.54421329498291,
        0.7481131553649902
      ],
      "rotation_matrix": [
        [
          -0.9989126324653625,
          -0.0036874241195619106,
          -0.0464751236140728
        ],
        [
          -0.04659727215766907,
          0.04704679176211357,
          0.9978052377700806
        ],
        [
          -0.0014928255695849657,
          0.9988858699798584,
          -0.04716746136546135
        ]
      ],
      "camera_intrinsics": [
        [
          796.4444444444445,
          0,
          512.0
        ],
        [
          0,
          796.4444444444445,
          512.0
        ],
        [
          0,
          0,
          1
        ]
      ],
      "focal_length_mm": 28,
      "split": "train",
      "is_flat_color": false,
      "camera_config": "Normal",
      "framing_strategy": "MACRO_FILL"
    },
    {
      "image_id": 27,
      "image_filename": "Axisviana_000027.jpg",
      "building_id": 0,
      "building_name": "Axisviana",
      "rotation_quaternion": [
        0.06506761163473129,
        0.06350276619195938,
        0.7065348625183105,
        0.7018133997917175
      ],
      "translation": [
        7.379354000091553,
        14.698875427246094,
        1.3710776567459106
      ],
      "rotation_matrix": [
        [
          -0.9834672212600708,
          -0.0015968028455972672,
          0.18107926845550537
        ],
        [
          0.18106448650360107,
          0.006850626785308123,
          0.9834473729133606
        ],
        [
          -0.0028108779806643724,
          0.9999752640724182,
          -0.006448242347687483
        ]
      ],
      "camera_intrinsics": [
        [
          796.4444444444445,
          0,
          512.0
        ],
        [
          0,
          796.4444444444445,
          512.0
        ],
        [
          0,
          0,
          1
        ]
      ],
      "focal_length_mm": 28,
      "split": "train",
      "is_flat_color": true,
      "camera_config": "Normal",
      "framing_strategy": "CENTERED"
    },
    {
      "image_id": 28,
      "image_filename": "Axisviana_000028.jpg",
      "building_id": 0,
      "building_name": "Axisviana",
      "rotation_quaternion": [
        0.12275028228759766,
        0.175889253616333,
        -0.7858898043632507,
        -0.5799763798713684
      ],
      "translation": [
        -2.480501890182495,
        9.162437438964844,
        1.2671140432357788
      ],
      "rotation_matrix": [
        [
          -0.9079906940460205,
          -0.1340746134519577,
          -0.3969596028327942
        ],
        [
          -0.41884365677833557,
          0.2653807997703552,
          0.8684141039848328
        ],
        [
          -0.011086820624768734,
          0.9547759294509888,
          -0.2971195876598358
        ]
      ],
      "camera_intrinsics": [
        [
          682.6666666666666,
          0,
          512.0
        ],
        [
          0,
          682.6666666666666,
          512.0
        ],
        [
          0,
          0,
          1
        ]
      ],
      "focal_length_mm": 24,
      "split": "train",
      "is_flat_color": true,
      "camera_config": "Wide",
      "framing_strategy": "BOTTOM_LEFT"
    },
    {
      "image_id": 29,
      "image_filename": "Axisviana_000029.jpg",
      "building_id": 0,
      "building_name": "Axisviana",
      "rotation_quaternion": [
        0.02289385162293911,
        0.022743716835975647,
        -0.7206525802612305,
        -0.6925449371337891
      ],
      "translation": [
        5.131703853607178,
        11.417865753173828,
        1.477229118347168
      ],
      "rotation_matrix": [
        [
          -0.9979171752929688,
          -0.0010705986060202122,
          -0.06449910998344421
        ],
        [
          -0.0644906684756279,
          0.0397285595536232,
          0.9971271753311157
        ],
        [
          0.0014949337346479297,
          0.9992099404335022,
          -0.03971485421061516
        ]
      ],
      "camera_intrinsics": [
        [
          682.6666666666666,
          0,
          512.0
        ],
        [
          0,
          682.6666666666666,
          512.0
        ],
        [
          0,
          0,
          1
        ]
      ],
      "focal_length_mm": 24,
      "split": "train",
      "is_flat_color": false,
      "camera_config": "Wide",
      "framing_strategy": "CENTERED"
    },
    {
      "image_id": 30,
      "image_filename": "Axisviana_000030.jpg",
      "building_id": 0,
      "building_name": "Axisviana",
      "rotation_quaternion": [
        2.7550038794288412e-05,
        0.00013126496924087405,
        -0.7051921486854553,
        -0.7090162634849548
      ],
      "translation": [
        5.4005913734436035,
        9.901856422424316,
        1.2548675537109375
      ],
      "rotation_matrix": [
        [
          -0.9999999403953552,
          -0.00014606719196308404,
          -0.00022499411716125906
        ],
        [
          -0.00022420087771024555,
          -0.005408130586147308,
          0.9999853372573853
        ],
        [
          -0.00014728185487911105,
          0.9999853372573853,
          0.0054080975241959095
        ]
      ],
      "camera_intrinsics": [
        [
          796.4444444444445,
          0,
          512.0
        ],
        [
          0,
          796.4444444444445,
          512.0
        ],
        [
          0,
          0,
          1
        ]
      ],
      "focal_length_mm": 28,
      "split": "train",
      "is_flat_color": false,
      "camera_config": "Normal",
      "framing_strategy": "MACRO_FILL"
    },
    {
      "image_id": 31,
      "image_filename": "Axisviana_000031.jpg",
      "building_id": 0,
      "building_name": "Axisviana",
      "rotation_quaternion": [
        0.12428124248981476,
        0.11992735415697098,
        0.7094566226005554,
        0.6832590103149414
      ],
      "translation": [
        8.548198699951172,
        11.38442611694336,
        1.4597796201705933
      ],
      "rotation_matrix": [
        [
          -0.9403432011604309,
          0.00033392797922715545,
          0.3402272164821625
        ],
        [
          0.33999907970428467,
          0.0375489741563797,
          0.9396758675575256
        ],
        [
          -0.012461398728191853,
          0.9992947578430176,
          -0.03542245551943779
        ]
      ],
      "camera_intrinsics": [
        [
          796.4444444444445,
          0,
          512.0
        ],
        [
          0,
          796.4444444444445,
          512.0
        ],
        [
          0,
          0,
          1
        ]
      ],
      "focal_length_mm": 28,
      "split": "train",
      "is_flat_color": false,
      "camera_config": "Standard_Close",
      "framing_strategy": "CENTERED"
    },
    {
      "image_id": 32,
      "image_filename": "Axisviana_000032.jpg",
      "building_id": 0,
      "building_name": "Axisviana",
      "rotation_quaternion": [
        0.21576109528541565,
        0.17186038196086884,
        0.5763687491416931,
        0.7692270874977112
      ],
      "translation": [
        12.052116394042969,
        13.241600036621094,
        4.808699607849121
      ],
      "rotation_matrix": [
        [
          -0.8478223085403442,
          -0.13382865488529205,
          0.5131151676177979
        ],
        [
          0.5300484299659729,
          -0.24249257147312164,
          0.8125552535057068
        ],
        [
          0.015683451667428017,
          0.9608783721923828,
          0.2765263020992279
        ]
      ],
      "camera_intrinsics": [
